4294967294,0
4294967279,84
4294967294,22
4294967294,17
4294967294,42
4294967294,67
4294967294,99
4294967294,76
4294967294,36
4294967294,39
4294967294,41
4294967294,946
4294967294,26
4294967278,68
4294967279,285
4294967294,1416
4294967294,471
4294967294,966
4294967294,965
4294967294,964
4294967294,963
4294967294,960
4294967294,915
4294967294,911
4294967294,907
4294967294,905
4294967294,902
4294967294,421
4294967294,190
4294967294,182
4294967294,176
4294967294,93
4294967294,95
4294967294,46
4294967294,50
4294967294,424
4294967294,43
4294967294,417
4294967294,51
4294967294,52
4294967294,470
4294967294,25
4294967294,920
4294967294,27
4294967294,92
4294967294,88
4294967294,81
4294967294,970
4294967294,82
4294967294,1414
4294967294,83
4294967294,7
4294967294,6
4294967294,5
229,7
229,0
229,6
227,7
227,0
227,6
4294967278,170
0,5
4294967293,131
4294967293,130
4294967293,129
4294967293,128
4294967293,127
4294967293,126
4294967293,125
4294967293,124
4294967293,123
4294967293,122
4294967293,121
4294967293,120
4294967293,119
4294967293,118
4294967293,117
4294967293,116
4294967293,115
4294967293,114
4294967293,113
4294967293,112
4294967293,111
4294967293,110
4294967293,109
4294967293,108
4294967293,107
4294967293,106
4294967293,105
4294967293,104
4294967293,103
4294967293,102
4294967293,101
4294967293,100
4294967293,99
4294967293,98
4294967293,97
4294967293,96
4294967293,95
4294967293,94
4294967293,93
4294967293,92
4294967293,91
4294967293,90
4294967293,89
4294967293,87
4294967293,86
4294967293,85
4294967293,84
4294967293,83
4294967293,82
4294967293,81
4294967293,80
4294967293,79
4294967293,78
4294967293,77
4294967293,76
4294967293,75
4294967293,74
4294967293,73
4294967293,72
4294967293,71
4294967293,70
4294967293,69
4294967293,68
4294967293,67
4294967293,66
4294967293,65
4294967293,64
4294967293,63
4294967293,62
4294967293,61
4294967293,60
4294967293,59
4294967293,58
4294967293,57
4294967293,56
4294967293,55
4294967293,54
4294967293,53
4294967293,52
4294967293,51
4294967293,50
4294967293,49
4294967293,48
4294967293,47
4294967293,46
4294967293,45
4294967293,44
4294967293,43
4294967293,42
4294967293,41
4294967293,40
4294967293,39
4294967293,38
4294967293,37
4294967293,36
4294967293,35
4294967293,34
4294967293,33
4294967293,32
4294967293,31
4294967293,30
4294967293,29
4294967293,28
4294967293,27
4294967293,26
4294967293,25
4294967293,24
4294967293,23
4294967293,22
4294967293,21
4294967293,20
4294967293,19
4294967293,18
4294967293,17
4294967293,16
4294967293,15
4294967293,14
4294967293,13
4294967293,12
4294967293,11
4294967293,10
4294967293,9
4294967293,8
4294967293,7
4294967293,6
4294967293,5
4294967293,4
4294967293,3
4294967278,57
4294967278,56
4294967278,55
4294967278,54
4294967278,48
4294967278,47
4294967278,46
4294967278,44
4294967278,42
4294967278,41
4294967278,39
4294967278,37
4294967278,34
4294967278,33
4294967278,32
4294967278,31
4294967278,30
4294967278,29
4294967278,28
4294967278,25
4294967278,23
4294967278,21
4294967278,20
4294967278,19
4294967278,15
4294967278,12
4294967278,11
4294967278,10
4294967278,8
4294967278,7
4294967278,6
4294967278,5
4294967279,128
4294967279,127
4294967279,126
4294967279,125
4294967279,124
4294967279,123
4294967279,116
4294967279,114
4294967279,112
4294967279,111
4294967279,110
4294967279,109
4294967279,108
4294967279,107
4294967279,105
4294967279,101
4294967279,100
4294967279,99
4294967279,98
4294967279,96
4294967279,93
4294967279,92
4294967279,91
4294967279,90
4294967279,86
4294967279,197
4294967279,191
4294967278,190
4294967278,154
4294967279,134
4294967279,283
4294967278,269
4294967279,264
4294967278,268
4294967278,267
4294967279,523
4294967279,522
4294967279,519
4294967279,248
4294967279,247
4294967278,218
4294967278,216
4294967278,207
4294967278,193
4294967278,189
4294967279,188
4294967278,184
235,5
235,4
235,3
235,2
235,1
4294967279,552
4294967278,349
4294967279,307
233,7
233,6
233,5
233,4
233,3
233,2
233,1
4294967279,529
4294967279,337
4294967278,51
4294967278,163
4294967278,162
4294967279,162
4294967278,410
4294967278,49
4294967278,300
4294967279,158
4294967279,157
4294967278,156
4294967279,155
4294967278,311
4294967279,559
4294967278,40
4294967278,296
4294967279,290
4294967278,295
4294967279,287
4294967279,141
4294967294,437
4294967278,306
4294967279,296
4294967278,409
4294967278,27
4294967279,295
4294967278,26
4294967278,377
4294967294,1413
4294967294,173
4294967294,914
4294967294,961
4294967294,909
4294967278,24
4294967278,290
4294967278,288
4294967278,133
229,5
4294967279,271
229,4
4294967278,276
229,3
229,2
229,1
4294967278,284
4294967279,278
4294967279,277
4294967278,408
4294967279,526
4294967278,13
4294967279,276
4294967278,282
4294967278,281
4294967279,566
4294967278,265
4294967279,275
4294967278,301
4294967278,264
4294967278,261
4294967278,285
227,5
4294967279,256
227,4
4294967278,262
227,3
227,2
227,1
4294967278,342
4294967279,131
4294967279,546
4294967279,574
4294967279,129
4294967279,335
225,6
4294967279,286
4294967278,361
4294967279,520
225,5
4294967279,517
225,4
225,3
225,2
225,1
4294967279,516
4294967294,385
4294967294,453
4294967294,463
4294967294,461
4294967294,175
4294967279,246
224,5
224,4
224,3
224,2
224,1
4294967278,239
4294967279,239
4294967279,237
4294967278,332
4294967278,230
4294967278,228
4294967278,222
4294967278,226
223,5
223,4
223,3
223,2
223,1
4294967279,215
222,5
4294967278,212
222,4
222,3
222,2
222,1
4294967279,318
221,5
221,4
221,3
221,2
221,1
4294967278,203
220,4
220,3
220,2
220,1
4294967279,570
4294967278,407
4294967278,325
4294967278,380
4294967279,314
4294967278,235
4294967279,259
4294967278,397
4294967278,381
4294967279,324
4294967279,317
4294967279,260
4294967279,190
4294967278,355
4294967279,120
4294967279,118
4294967279,117
4294967279,115
4294967279,106
4294967279,104
4294967279,103
4294967279,102
4294967279,187
4294967279,186
4294967278,185
4294967294,12
4294967278,219
4294967278,360
4294967278,358
4294967278,351
4294967278,59
4294967278,58
4294967278,45
4294967278,38
4294967278,36
4294967278,35
4294967278,22
4294967278,18
4294967278,17
4294967278,16
4294967278,14
4294967278,9
4294967278,4
4294967279,132
